hoasonn	0	190	1	380.01	11	2024-03-19_02:29:55
wqeqweqweq	0	190	0	380	12	2024-03-19_02:29:55
qweqweqqqq	0	190	0	380	13	2024-03-19_02:29:55
wqeqweqqqqqq	0	190	0	380	14	2024-03-19_02:29:55
11111111111111	0	190	0	380	15	2024-03-19_02:29:55
vuontau	0	190	0	380	16	2024-03-19_02:29:55
ewqeqwewqq	0	190	0	380	17	2024-03-19_02:29:55
wqewqeqqwe	0	190	0	380	18	2024-03-19_02:29:55
113212332	0	190	0	380	19	2024-03-19_02:29:55
hoasonchuan	0	190	0	380	20	2024-03-19_02:29:55
1125665656	0	190	0	380	21	2024-03-19_02:29:55
tieudaochuan	0	190	0	380	22	2024-03-19_02:29:55
1111111	0	190	0	380	23	2024-03-19_02:29:55
123456666	0	30	0	60	24	2024-03-19_02:29:55
testvuhon	0	30	0	60	25	2024-03-19_02:29:55
gfgfgfgf	0	30	0	60	26	2024-03-19_02:29:55
qewqqqeeeee	0	30	0	60	27	2024-03-19_02:29:55
asdasda	0	30	0	60	28	2024-03-19_02:29:55
eqweqweqee	0	30	0	60	29	2024-03-19_02:29:55
33322333	0	30	0	60	30	2024-03-19_02:29:55
vuhonwwww	0	30	0	60	31	2024-03-19_02:29:55
qeqqeq	0	30	0	60	32	2024-03-19_02:29:55
ewqeqqqqqqq	0	30	0	60	33	2024-03-19_02:29:55
wqeqweqeq	0	30	0	60	34	2024-03-19_02:29:55
qweqeqeeeeee	0	30	0	60	35	2024-03-19_02:29:55
qwqweqqqq	0	30	0	60	36	2024-03-19_02:29:55
qweqweqwq	0	30	0	60	37	2024-03-19_02:29:55
11111111	0	30	0	60	38	2024-03-19_02:29:55
qeqwqqqq	0	30	0	60	39	2024-03-19_02:29:55
tieudaoeq	0	30	0	60	40	2024-03-19_02:29:55
qweqeqqqq	0	30	0	60	41	2024-03-19_02:29:55
qwewqeq	0	30	0	60	42	2024-03-19_02:29:55
12345644	0	30	0	60	43	2024-03-19_02:29:55
ewqeqeq	0	30	0	60	44	2024-03-19_02:29:55
eqweqeqq	0	30	0	60	45	2024-03-19_02:29:55
eqweqeee	0	30	0	60	46	2024-03-19_02:29:55
eeeeeeeeeee	0	30	0	60	47	2024-03-19_02:29:55
