等级	升级需要经验	升级附加经验（万）	1转附加经验（万）	2转附加经验（万）	3转附加经验（万）	4转附加经验（万）	5转附加经验（万）	6转附加经验（万）	7转附加经验（万）	8转附加经验（万）	9转附加经验（万）	10转附加经验（万）
1	100											
2	500											
3	1100											
4	1900											
5	2900											
6	4100											
7	5500											
8	7100											
9	8900											
10	10900											
11	13100											
12	15700											
13	18700											
14	22100											
15	25900											
16	30100											
17	34700											
18	39700											
19	45100											
20	50900											
21	57100											
22	63900											
23	71300											
24	79300											
25	87900											
26	97100											
27	106900											
28	117300											
29	128300											
30	139900											
31	152100											
32	165400											
33	179800											
34	195300											
35	211900											
36	229600											
37	248400											
38	268300											
39	289300											
40	311400											
41	334600											
42	360400											
43	388800											
44	419800											
45	453400											
46	489600											
47	528400											
48	569800											
49	613800											
50	660400											
51	709600											
52	766000											
53	829600											
54	900400											
55	978400											
56	1063600											
57	1156000											
58	1255600											
59	1362400											
60	1476400											
61	1597600											
62	1738200											
63	1898200											
64	2077600											
65	2276400											
66	2494600											
67	2732200											
68	2989200											
69	3265600											
70	3561400											
71	3876600											
72	4240200											
73	4652200											
74	5112600											
75	5621400											
76	6178600											
77	6784200											
78	7438200											
79	8140600											
80	50000000						
81	50000000						
82	50000000						
83	50000000						
84	50000000						
85	50000000						
86	100000000						
87	100000000						
88	100000000						
89	100000000						
90	100000000						
91	100000000						
92	200000000						
93	300000000						
94	400000000						
95	500000000						
96	600000000						
97	700000000						
98	1000000000						
99	1000000000						
100	1500000000						
101	1500000000						
102	1500000000						
103	1500000000						
104	1500000000						
105	1500000000						
106	1500000000						
107	1500000000						
108	1500000000						
109	1500000000						
110	1500000000						
111	1000000000						
112	1000000000						
113	1000000000						
114	1000000000						
115	1000000000						
116	1000000000						
117	1000000000						
118	1000000000						
119	1000000000						
120	1000000000						
121	1500000000						
122	1500000000						
123	1500000000						
124	1500000000						
125	1500000000						
126	2000000000						
127	2000000000						
128	2000000000						
129	2000000000						
130	2000000000		16000	48000	64000	0	0
131	2000000000		16000	48000	64000	144000	144000
132	2000000000		16000	48000	64000	144000	144000
133	2000000000		16000	48000	64000	144000	144000
134	2000000000		16000	48000	64000	144000	144000
135	2000000000		20000	60000	80000	140000	140000
136	2000000000		20000	60000	80000	180000	180000
137	2000000000		20000	60000	80000	180000	180000
138	2000000000		20000	60000	80000	180000	180000
139	2000000000		20000	60000	80000	180000	180000
140	2000000000		30000	90000	120000	170000	170000
141	2000000000		30000	90000	120000	270000	270000
142	2000000000		30000	90000	120000	270000	270000
143	2000000000		30000	90000	120000	270000	270000
144	2000000000		30000	90000	120000	270000	270000
145	2000000000		50000	150000	200000	250000	250000
146	2000000000		50000	150000	200000	450000	450000
147	2000000000		50000	150000	200000	450000	450000
148	2000000000		50000	150000	200000	450000	450000
149	2000000000		50000	150000	200000	450000	450000
150	2000000000		80000	240000	320000	420000	420000
151	2000000000		80000	240000	320000	720000	720000
152	2000000000		80000	240000	320000	720000	720000
153	2000000000		80000	240000	320000	720000	720000
154	2000000000		80000	240000	320000	720000	720000
155	2000000000		120000	360000	480000	680000	680000
156	2000000000		120000	360000	480000	1080000	1080000
157	2000000000		120000	360000	480000	1080000	1080000
158	2000000000		120000	360000	480000	1080000	1080000
159	2000000000		120000	360000	480000	1080000	1080000
160	2000000000		180000	540000	720000	1020000	1020000
161	2000000000		180000	540000	720000	1620000	1620000
162	2000000000		180000	540000	720000	1620000	1620000
163	2000000000		180000	540000	720000	1620000	1620000
164	2000000000		180000	540000	720000	1620000	1620000
165	2000000000		200000	600000	800000	1600000	1600000
166	2000000000		200000	600000	800000	1800000	1800000
167	2000000000		200000	600000	800000	1800000	1800000
168	2000000000		200000	600000	800000	1800000	1800000
169	2000000000		200000	600000	800000	1800000	2800000
170	2000000000		200000	600000	800000	1800000	2800000
171	2000000000		200000	600000	800000	1800000	2800000
172	2000000000		200000	600000	800000	1800000	2800000
173	2000000000		200000	600000	800000	1800000	2800000
174	2000000000		200000	600000	800000	1800000	2800000
175	2000000000		200000	600000	800000	1800000	2800000
176	2000000000		200000	600000	800000	1800000	2800000
177	2000000000		200000	600000	800000	1800000	2800000
178	2000000000		200000	600000	800000	1800000	2800000
179	2000000000		200000	600000	800000	1800000	2800000
180	2000000000		200000	600000	800000	1800000	2800000
181	2000000000		200000	600000	800000	1800000	2800000
182	2000000000		200000	600000	800000	1800000	2800000
183	2000000000		200000	600000	800000	1800000	2800000
184	2000000000		200000	600000	800000	1800000	2800000
185	2000000000		200000	600000	800000	1800000	2800000
186	2000000000		200000	600000	800000	1800000	2800000
187	2000000000		200000	600000	800000	1800000	2800000
188	2000000000		200000	600000	800000	1800000	2800000
189	2000000000		200000	600000	800000	1800000	2800000
190	2000000000		200000	600000	800000	1800000	2800000
191	2000000000		200000	600000	800000	1800000	2800000
192	2000000000		200000	600000	800000	1800000	2800000
193	2000000000		200000	600000	800000	1800000	2800000
194	2000000000		200000	600000	800000	1800000	2800000
195	2000000000		200000	600000	800000	1800000	2800000
196	2000000000		200000	600000	800000	1800000	2800000
197	2000000000		200000	600000	800000	1800000	2800000
198	2000000000		200000	600000	800000	1800000	2800000
199	2000000000		800000	1800000	1800000	1800000	5800000
200	2000000000		800000	1800000	1800000	3800000	5800000
